TICMFMTが生成するBPB。Floppy Diskをエミュレートしている？というわけでもなさそうだが。

Q:\EXE\TICMFMT.EXE N: /Ssize_in_KB

法則がわからんかったが、これは津軽を使うと自動的にサンプルできると思ったんで、こんなんしてみた。

#include <stdio.h>
#include <stdint.h>
#include <chrono>
#include <thread>

#define BPB_BYTES_PER_SECTOR   0x0B
#define BPB_SECTOR_PER_CLUSTER 0x0D
#define BPB_RESERVED_SECTOR_CT 0x0E
#define BPB_NUM_FATS           0x10
#define BPB_NUM_ROOT_DIR_ENT   0x11
#define BPB_TOTALNUM_SECT      0x13
#define BPB_MEDIA_DESC         0x15
#define BPB_SECT_PER_FAT       0x16
#define BPB_SECT_PER_TRACK     0x18
#define BPB_NUM_HEADS          0x1A
#define BPB_HIDDEN_SECT        0x1C
#define BPB_32BIT_NUM_SECT     0x20  // Used to indicate the location of IO.SYS in FM-R/TOWNS IPL.

uint16_t GetUShort(unsigned char dat[])
{
	return dat[0]+dat[1]*256;
}

int main(void)
{
	int prev=0;
	for(;;)
	{
		unsigned char sect[256];
		FILE *fp=fopen("h3.h3","rb");
		if(NULL!=fp)
		{
			fread(sect,1,256,fp);
			fclose(fp);

			auto bytesPerSect=GetUShort(sect+BPB_BYTES_PER_SECTOR);    // 0x0B
			auto sectPerClust=sect[BPB_SECTOR_PER_CLUSTER];            // 0x0D
			auto numResvSect= GetUShort(sect+BPB_RESERVED_SECTOR_CT);  // 0x0E
			auto numFATs=     sect[BPB_NUM_FATS];                      // 0x10
			auto numRootDir=  GetUShort(sect+BPB_NUM_ROOT_DIR_ENT);    // 0x11
			auto numSect=     GetUShort(sect+BPB_TOTALNUM_SECT);            // 0x13
			auto mediaDesc=   sect[BPB_MEDIA_DESC];                    // 0x15
			auto sectPerFat=  GetUShort(sect+BPB_SECT_PER_FAT);        // 0x16
			auto sectPerTrack=GetUShort(sect+BPB_SECT_PER_TRACK);      // 0x18
			auto numHeads=    GetUShort(sect+BPB_NUM_HEADS);                // 0x1A
			auto hiddenSect=  GetUShort(sect+BPB_HIDDEN_SECT);              // 0x1C

			if(bytesPerSect*numSect!=prev)
			{
				prev=bytesPerSect*numSect;

				// KB,bytesPerSect,
				printf("%5d,%3d,%d,%d,%d,%4d,%5d,0x%02x,%4d,%d,%d,%d\n",
				    bytesPerSect*numSect/1024,
					bytesPerSect,
	                sectPerClust,
	                numResvSect, 
	                numFATs,     
	                numRootDir,  
	                numSect,     
	                mediaDesc,   
	                sectPerFat,  
	                sectPerTrack,
	                numHeads,    
	                hiddenSect);

				fp=fopen("log.txt","a");
				fprintf(fp,"%5d,%3d,%d,%d,%d,%4d,%5d,0x%02x,%4d,%d,%d,%d\n",
				    bytesPerSect*numSect/1024,
					bytesPerSect,
	                sectPerClust,
	                numResvSect, 
	                numFATs,     
	                numRootDir,  
	                numSect,     
	                mediaDesc,   
	                sectPerFat,  
	                sectPerTrack,
	                numHeads,    
	                hiddenSect);
				fclose(fp);
			}
		}
		std::this_thread::sleep_for(std::chrono::milliseconds(500));
	}
	return 1;
}

どうも最低サイズは16KBらしい。最大サイズは28672KB=0x7000KB。28MB。

17KBを指定しても16KBと同じサイズになるようだ。変化のKBの区切りというかインクリメントは

16～256KB       8KB
256KB～1024KB   128KB
1024KB～28762KB 256KB

SectorsPerFatがよくわからん。Cluster数は、

(TotalSectorCount-ReserveSector-numFATs*sectorPerFat-(roorDirEnt*32+sectLen-1)/sectLen)/sectPerCluster

だとすると、

FATのバイト数は、

(#clusters+2)*12/8

となるはず。


ticmfmt.cの実験結果によると、4MBまではFAT12でこの計算で合ってる。4MBより大きいサイズではFAT16になるので、

(#clusters+2)*2

バイトとなる。


最初のデータセクタは、

(resvSect+#FATs*sectorsPerFAT+(32*#rootDirEnts+511)/512

なんてこった。全部奇数セクタから始まってる。FATが2個あるから必ずFATは偶数個セクタ使う。rootDirEntsは64の倍数で、32倍するとバイト数になるから、2048の倍数。512バイトセクタでは必ず4の倍数個のセクタを使う。resvSectを2個にするしかないんだが、問題はTICM.SYSが認識するかということだ。

ということは、AL=4AHでは、セクタ長が1024なので、ちょうどクラスタの切れ目から読むことができない。RDHIGHをIPLに追加する余地は残ってない。







KB,bytes/sect,sect/cluster,resvSect,#FATs,#rootDirEnts,sectorsTotal,MediaDesc,#sectPerFAT,#sectPerTRK,#heads,#hiddenSect
   16,512,2,1,2,  64,   32,0xf8,   1,8,2,0
   24,512,2,1,2,  64,   48,0xf8,   1,8,2,0
   32,512,2,1,2,  64,   64,0xf8,   1,8,2,0
   40,512,2,1,2,  64,   80,0xf8,   1,8,2,0
   48,512,2,1,2,  64,   96,0xf8,   1,8,2,0
   56,512,2,1,2,  64,  112,0xf8,   1,8,2,0
   64,512,2,1,2,  64,  128,0xf8,   1,8,2,0
   72,512,2,1,2,  64,  144,0xf8,   1,8,2,0
   80,512,2,1,2,  64,  160,0xf8,   1,8,2,0
   88,512,2,1,2,  64,  176,0xf8,   1,8,2,0
   96,512,2,1,2,  64,  192,0xf8,   1,8,2,0
  104,512,2,1,2,  64,  208,0xf8,   1,8,2,0
  112,512,2,1,2,  64,  224,0xf8,   1,8,2,0
  120,512,2,1,2,  64,  240,0xf8,   1,8,2,0
  128,512,2,1,2,  64,  256,0xf8,   1,8,2,0
  136,512,2,1,2,  64,  272,0xf8,   1,8,2,0
  144,512,2,1,2,  64,  288,0xf8,   1,8,2,0
  152,512,2,1,2,  64,  304,0xf8,   1,8,2,0
  160,512,2,1,2,  64,  320,0xf8,   1,8,2,0
  168,512,2,1,2,  64,  336,0xf8,   1,8,2,0
  176,512,2,1,2,  64,  352,0xf8,   1,8,2,0
  184,512,2,1,2,  64,  368,0xf8,   1,8,2,0
  192,512,2,1,2,  64,  384,0xf8,   1,8,2,0
  200,512,2,1,2,  64,  400,0xf8,   1,8,2,0
  208,512,2,1,2,  64,  416,0xf8,   1,8,2,0
  216,512,2,1,2,  64,  432,0xf8,   1,8,2,0
  224,512,2,1,2,  64,  448,0xf8,   1,8,2,0
  232,512,2,1,2,  64,  464,0xf8,   1,8,2,0
  240,512,2,1,2,  64,  480,0xf8,   1,8,2,0
  248,512,2,1,2,  64,  496,0xf8,   1,8,2,0
  256,512,2,1,2, 128,  512,0xf8,   1,8,2,0
  384,512,2,1,2, 128,  768,0xf8,   2,8,2,0
  512,512,2,1,2, 128, 1024,0xf8,   2,8,2,0
  640,512,2,1,2, 128, 1280,0xf8,   2,8,2,0
  768,512,2,1,2, 128, 1536,0xf8,   3,8,2,0
  896,512,2,1,2, 128, 1792,0xf8,   3,8,2,0
  768,512,2,1,2, 128, 1536,0xf8,   3,8,2,0
 1024,512,2,1,2, 128, 2048,0xf8,   3,8,2,0
 1280,512,2,1,2, 128, 2560,0xf8,   4,8,2,0
 1536,512,2,1,2, 128, 3072,0xf8,   5,8,2,0
 1792,512,2,1,2, 128, 3584,0xf8,   6,8,2,0
 2048,512,2,1,2, 256, 4096,0xf8,   6,8,2,0
 2304,512,2,1,2, 256, 4608,0xf8,   7,8,2,0
 2560,512,2,1,2, 256, 5120,0xf8,   8,8,2,0
 2816,512,2,1,2, 256, 5632,0xf8,   9,8,2,0
 3072,512,2,1,2, 256, 6144,0xf8,   9,8,2,0
 3328,512,2,1,2, 256, 6656,0xf8,  10,8,2,0
 3584,512,2,1,2, 256, 7168,0xf8,  11,8,2,0
 3840,512,2,1,2, 256, 7680,0xf8,  12,8,2,0
 4096,512,2,1,2, 256, 8192,0xf8,  12,8,2,0
 4352,512,2,1,2, 256, 8704,0xf8,  17,8,2,0
 4608,512,2,1,2, 256, 9216,0xf8,  18,8,2,0
 4864,512,2,1,2, 256, 9728,0xf8,  19,8,2,0
 5120,512,2,1,2, 256,10240,0xf8,  20,8,2,0
 5376,512,2,1,2, 256,10752,0xf8,  21,8,2,0
 5632,512,2,1,2, 256,11264,0xf8,  22,8,2,0
 5888,512,2,1,2, 256,11776,0xf8,  23,8,2,0
 6144,512,2,1,2, 256,12288,0xf8,  24,8,2,0
 6400,512,2,1,2, 256,12800,0xf8,  25,8,2,0
 6656,512,2,1,2, 256,13312,0xf8,  26,8,2,0
 6912,512,2,1,2, 256,13824,0xf8,  27,8,2,0
 7168,512,2,1,2, 256,14336,0xf8,  28,8,2,0
 7424,512,2,1,2, 256,14848,0xf8,  29,8,2,0
 7680,512,2,1,2, 256,15360,0xf8,  30,8,2,0
 7936,512,2,1,2, 256,15872,0xf8,  31,8,2,0
 8192,512,2,1,2, 256,16384,0xf8,  32,8,2,0
 8448,512,2,1,2, 256,16896,0xf8,  33,8,2,0
 8704,512,2,1,2, 256,17408,0xf8,  34,8,2,0
 8960,512,2,1,2, 256,17920,0xf8,  35,8,2,0
 9216,512,2,1,2, 256,18432,0xf8,  36,8,2,0
 9472,512,2,1,2, 256,18944,0xf8,  37,8,2,0
 9728,512,2,1,2, 256,19456,0xf8,  38,8,2,0
 9984,512,2,1,2, 256,19968,0xf8,  39,8,2,0
10240,512,2,1,2, 256,20480,0xf8,  40,8,2,0
10496,512,2,1,2, 256,20992,0xf8,  41,8,2,0
10752,512,2,1,2, 256,21504,0xf8,  42,8,2,0
11008,512,2,1,2, 256,22016,0xf8,  43,8,2,0
11264,512,2,1,2, 256,22528,0xf8,  44,8,2,0
11520,512,2,1,2, 256,23040,0xf8,  45,8,2,0
11776,512,2,1,2, 256,23552,0xf8,  46,8,2,0
12032,512,2,1,2, 256,24064,0xf8,  47,8,2,0
12288,512,2,1,2, 256,24576,0xf8,  48,8,2,0
12544,512,2,1,2, 256,25088,0xf8,  49,8,2,0
12800,512,2,1,2, 256,25600,0xf8,  50,8,2,0
13056,512,2,1,2, 256,26112,0xf8,  51,8,2,0
13312,512,2,1,2, 256,26624,0xf8,  52,8,2,0
13568,512,2,1,2, 256,27136,0xf8,  53,8,2,0
13824,512,2,1,2, 256,27648,0xf8,  54,8,2,0
14080,512,2,1,2, 256,28160,0xf8,  55,8,2,0
14336,512,2,1,2, 256,28672,0xf8,  56,8,2,0
14592,512,2,1,2, 256,29184,0xf8,  57,8,2,0
14848,512,2,1,2, 256,29696,0xf8,  58,8,2,0
15104,512,2,1,2, 256,30208,0xf8,  59,8,2,0
15360,512,2,1,2, 256,30720,0xf8,  60,8,2,0
15616,512,2,1,2, 256,31232,0xf8,  61,8,2,0
15872,512,2,1,2, 256,31744,0xf8,  62,8,2,0
16128,512,2,1,2, 256,32256,0xf8,  63,8,2,0
16384,512,2,1,2, 256,32768,0xf8,  64,8,2,0
16640,512,2,1,2, 256,33280,0xf8,  65,8,2,0
16896,512,2,1,2, 256,33792,0xf8,  66,8,2,0
17152,512,2,1,2, 256,34304,0xf8,  67,8,2,0
17408,512,2,1,2, 256,34816,0xf8,  68,8,2,0
17664,512,2,1,2, 256,35328,0xf8,  69,8,2,0
17920,512,2,1,2, 256,35840,0xf8,  70,8,2,0
18176,512,2,1,2, 256,36352,0xf8,  71,8,2,0
18432,512,2,1,2, 256,36864,0xf8,  72,8,2,0
18688,512,2,1,2, 256,37376,0xf8,  73,8,2,0
18944,512,2,1,2, 256,37888,0xf8,  74,8,2,0
19200,512,2,1,2, 256,38400,0xf8,  75,8,2,0
19456,512,2,1,2, 256,38912,0xf8,  76,8,2,0
19712,512,2,1,2, 256,39424,0xf8,  77,8,2,0
19968,512,2,1,2, 256,39936,0xf8,  78,8,2,0
20224,512,2,1,2, 256,40448,0xf8,  79,8,2,0
20480,512,2,1,2, 256,40960,0xf8,  80,8,2,0
20736,512,2,1,2, 256,41472,0xf8,  81,8,2,0
20992,512,2,1,2, 256,41984,0xf8,  82,8,2,0
21248,512,2,1,2, 256,42496,0xf8,  83,8,2,0
21504,512,2,1,2, 256,43008,0xf8,  84,8,2,0
21760,512,2,1,2, 256,43520,0xf8,  85,8,2,0
22016,512,2,1,2, 256,44032,0xf8,  86,8,2,0
22272,512,2,1,2, 256,44544,0xf8,  87,8,2,0
22528,512,2,1,2, 256,45056,0xf8,  88,8,2,0
22784,512,2,1,2, 256,45568,0xf8,  89,8,2,0
23040,512,2,1,2, 256,46080,0xf8,  90,8,2,0
23296,512,2,1,2, 256,46592,0xf8,  91,8,2,0
23552,512,2,1,2, 256,47104,0xf8,  92,8,2,0
23808,512,2,1,2, 256,47616,0xf8,  93,8,2,0
24064,512,2,1,2, 256,48128,0xf8,  94,8,2,0
24320,512,2,1,2, 256,48640,0xf8,  95,8,2,0
24576,512,2,1,2, 256,49152,0xf8,  96,8,2,0
24832,512,2,1,2, 256,49664,0xf8,  97,8,2,0
25088,512,2,1,2, 256,50176,0xf8,  98,8,2,0
25344,512,2,1,2, 256,50688,0xf8,  99,8,2,0
25600,512,2,1,2, 256,51200,0xf8, 100,8,2,0
25856,512,2,1,2, 256,51712,0xf8, 101,8,2,0
26112,512,2,1,2, 256,52224,0xf8, 102,8,2,0
26368,512,2,1,2, 256,52736,0xf8, 103,8,2,0
26624,512,2,1,2, 256,53248,0xf8, 104,8,2,0
26880,512,2,1,2, 256,53760,0xf8, 105,8,2,0
27136,512,2,1,2, 256,54272,0xf8, 106,8,2,0
27392,512,2,1,2, 256,54784,0xf8, 107,8,2,0
27648,512,2,1,2, 256,55296,0xf8, 108,8,2,0
27904,512,2,1,2, 256,55808,0xf8, 109,8,2,0
28160,512,2,1,2, 256,56320,0xf8, 110,8,2,0
28416,512,2,1,2, 256,56832,0xf8, 111,8,2,0
28672,512,2,1,2, 256,57344,0xf8, 112,8,2,0
